MUNICIPIS	Cens	Votants	Vàlids	Nuls	Sí	No	Blanc
Aiguamúrcia	691	327	324	3	304	17	3
Alcover	3626	1760	1752	8	1639	71	42
Alió	322	226	225	1	214	8	3
Bràfim	477	313	311	2	287	19	5
Cabra del Camp	843	351	348	3	335	12	1
El Milà	144	126	126	0	118	7	1
El Pla de Santa Maria	1774	490	484	6	454	25	5
El Pont d'Armentera	393	967	958	9	899	45	14
El Rourell	282	172	172	0	161	6	5
Els Garidells	158	253	251	2	229	19	3
Figuerola del Camp	252	324	318	6	303	8	7
La Masó	239	163	162	1	159	3	0
La Riba	482	381	375	6	337	29	9
Montferri	292	170	169	1	156	7	6
Mont-ral	132	60	58	2	53	3	2
Nulles	343	259	259	0	255	1	3
Puigpelat	799	346	346	0	328	14	4
Querol	441	135	135	0	125	8	2
Rodonyà	373	273	271	2	254	10	7
Vallmoll	1276	535	532	3	487	37	8
Valls	17197	8096	8045	51	7721	261	63
Vilabella	577	458	457	1	441	12	4
Vila-rodona	868	622	620	2	592	19	9
Agullana	587	367	366	1	346	14	6
Albanyà	104	123	123	0	119	3	1
Avinyonet de Puigventós	1145	752	750	2	721	20	9
Bàscara	731	511	503	8	482	20	1
Biure	182	114	114	0	111	3	0
Boadella i les Escaules	207	123	123	0	115	3	5
Borrassà	544	506	501	5	482	15	4
Cabanelles	168	155	155	0	150	5	0
Cabanes	641	400	399	1	382	12	5
Cadaqués	1721	1225	1207	18	1133	60	14
Cantallops	218	152	152	0	140	10	2
Capmany	419	267	265	2	254	4	7
Castelló d'Empúries	4798	2019	2005	14	1861	116	28
Cistella	218	191	190	1	180	6	4
Colera	370	326	321	5	298	23	0
Darnius	424	261	257	4	246	7	4
El Far d'Empordà	413	153	153	0	141	7	5
El Port de la Selva	670	519	517	2	472	37	8
Espolla	322	236	231	5	215	10	6
Figueres	26562	8635	8571	64	8094	375	102
Fortià	510	316	314	2	305	8	1
Garrigàs	330	-	-	-	-	-	-
Garriguella	548	445	431	14	404	22	5
La Jonquera	1729	696	690	6	628	56	6
La Selva de Mar	164	141	139	2	126	12	1
La Vajol	64	42	42	0	41	1	0
L'Armentera	637	573	570	3	545	8	17
L'Escala	5958	3137	3119	18	2955	118	46
Lladó	533	413	412	1	404	6	2
Llançà	3509	1948	1938	10	1783	134	21
Llers	891	514	509	5	479	19	11
Maçanet de Cabrenys	571	367	365	2	355	9	1
Masarac	194	138	138	0	128	8	2
Mollet de Peralada	140	111	110	1	106	3	1
Navata	880	667	665	2	636	22	7
Ordis	282	226	224	2	214	8	2
Palau de Santa Eulàlia	74	183	179	4	169	8	2
Palau-saverdera	786	480	478	2	442	29	7
Pau	308	237	234	3	220	12	2
Pedret i Marzà	133	266	266	0	250	15	1
Peralada	1298	967	961	6	926	25	10
Pont de Molins	362	328	327	1	311	12	4
Pontós	178	129	128	1	119	3	6
Portbou	928	365	362	3	320	34	8
Rabós	142	112	112	0	108	3	1
Riumors	174	247	245	2	241	3	1
Roses	10737	3582	3567	15	3311	236	20
Sant Climent Sescebes	476	218	216	2	191	19	6
Sant Llorenç de la Muga	165	141	136	5	125	8	3
Sant Miquel de Fluvià	578	-	-	-	-	-	-
Sant Mori	124	191	191	0	177	9	5
Sant Pere Pescador	1059	647	645	2	625	9	11
Santa Llogaia d'Àlguema	263	376	374	2	345	27	2
Saus, Camallera i Llampaies	631	469	463	6	441	10	12
Siurana	125	96	96	0	89	5	2
Terrades	220	215	214	1	200	11	3
Torroella de Fluvià	429	283	283	0	270	8	5
Ventalló	551	493	491	2	455	18	18
Vilabertran	705	441	440	1	417	17	6
Viladamat	354	391	390	1	380	2	8
Vilafant	4153	1396	1386	10	1290	78	18
Vilajuïga	801	366	358	8	335	19	4
Vilamacolum	214	224	222	2	214	6	2
Vilamalla	867	377	373	4	326	40	7
Vilamaniscle	129	99	99	0	99	0	0
Vilanant	288	260	258	2	239	12	7
Vila-sacra	468	249	249	0	229	15	5
Vilaür	101	171	169	2	161	6	2
Avinyonet del Penedès	1224	742	740	2	695	38	7
Castellet i la Gornal	1730	741	737	4	674	44	19
Castellví de la Marca	1176	828	828	0	763	43	22
El Pla del Penedès	913	697	694	3	653	32	9
Font-rubí	1	765	758	7	724	20	14
Gelida	5244	2763	2739	24	2503	180	56
La Granada	1559	1094	1083	11	1005	62	16
Les Cabanyes	687	462	460	2	427	28	5
Mediona	1698	1077	1067	10	999	43	25
Olèrdola	2599	1487	1480	7	1385	64	31
Olesa de Bonesvalls	1286	869	867	2	749	83	35
Pacs del Penedès	696	453	452	1	404	41	7
Pontons	358	306	306	0	282	21	3
Puigdàlber	392	317	317	0	297	11	9
Sant Cugat Sesgarrigues	728	510	507	3	476	18	13
Sant Llorenç d'Hortons	1895	1321	1307	14	1215	75	17
Sant Martí Sarroca	2326	1551	1545	6	1469	56	20
Sant Pere de Riudebitlles	1775	1281	1275	6	1188	74	13
Sant Quintí de Mediona	1527	1021	1017	4	976	35	6
Sant Sadurní d'Anoia	9348	5483	5460	23	5036	324	100
Santa Fe del Penedès	266	292	291	1	274	10	7
Santa Margarida i els Monjos	4984	2071	2064	7	1874	163	27
Subirats	2333	1768	1747	21	1670	49	28
Torrelavit	1048	829	812	17	783	17	12
Torrelles de Foix	1659	848	845	3	745	88	12
Vilafranca del Penedès	27339	14717	14660	57	13684	765	211
Vilobí del Penedès	812	613	611	2	591	12	8
Alàs i Cerc	279	205	205	0	200	5	0
Arsèguel	64	74	73	1	68	3	2
Bassella	188	137	137	0	127	7	3
Cabó	83	40	38	2	38	0	0
Cava	49	32	32	0	32	0	0
Coll de Nargó	463	329	326	3	308	11	7
El Pont de Bar	135	92	92	0	91	1	0
Estamariu	96	88	88	0	87	1	0
Fígols i Alinyà	226	115	115	0	113	2	0
Josa i Tuixén	100	100	100	0	98	0	2
La Seu d'Urgell	8931	3278	3273	5	3125	127	21
La Vansa i Fórnols	148	107	102	5	99	2	1
Les Valls d'Aguilar	218	56	56	0	54	2	0
Les Valls de Valira	590	464	464	0	447	7	10
Montferrer i Castellbò	788	709	700	9	674	15	11
Oliana	1385	824	821	3	770	39	12
Organyà	647	522	505	17	476	21	8
Peramola	285	188	182	6	175	7	0
Ribera d'Urgellet	692	306	304	2	296	8	0
El Pont de Suert	1705	555	550	5	519	18	13
La Vall de Boí	807	741	732	9	652	60	20
Vilaller	435	245	242	3	215	23	4
Argençola	190	138	138	0	137	1	0
Bellprat	70	86	85	1	80	4	1
Cabrera d'Anoia	1024	283	283	0	260	19	4
Calaf	2322	1327	1318	9	1251	47	20
Calonge de Segarra	163	148	148	0	143	4	1
Capellades	4141	2316	2295	21	2141	124	30
Carme	582	386	384	2	364	11	9
Castellfollit de Riubregós	144	131	131	0	122	7	2
Castellolí	453	594	592	2	568	16	8
Copons	240	266	266	0	254	6	6
El Bruc	1490	599	598	1	573	15	10
Els Hostalets de Pierola	2047	1217	1202	15	1097	83	22
Els Prats de Rei	450	399	397	2	376	14	7
Igualada	28296	13776	13728	48	13039	528	161
Jorba	625	597	592	5	555	22	15
La Llacuna	679	460	460	0	445	7	8
La Pobla de Claramunt	1649	940	940	0	857	67	16
La Torre de Claramunt	2879	939	933	6	844	77	12
Masquefa	6181	2515	2501	14	2252	210	39
Montmaneu	128	107	107	0	98	6	3
Òdena	2682	1236	1232	4	1165	47	20
Orpí	114	146	146	0	141	2	3
Piera	11144	4197	4180	17	3780	338	62
Pujalt	156	149	147	2	143	3	1
Rubió	188	228	225	3	221	2	2
Sant Martí de Tous	891	710	710	0	690	16	4
Sant Martí Sesgueioles	301	222	221	1	201	13	7
Sant Pere Sallavinera	127	145	144	1	138	1	5
Santa Margarida de Montbui	7061	1698	1693	5	1509	154	30
Santa Maria de Miralles	107	226	225	1	216	3	6
Vallbona d'Anoia	1072	603	602	1	552	42	8
Veciana	134	118	118	0	113	1	4
Vilanova del Camí	9218	2455	2448	7	2041	360	47
Arres	52	-	-	-	-	-	-
Bausen	57	13	13	0	10	3	0
Bossòst	805	-	-	-	-	-	-
Canejan	87	-	-	-	-	-	-
Es Bòrdes	208	-	-	-	-	-	-
Les	644	345	343	2	289	43	11
Naut Aran	1353	375	344	31	296	39	9
Vielha e Mijaran	3646	872	843	29	697	130	16
Vilamòs	123	100	100	0	88	12	0
Aguilar de Segarra	200	388	383	5	364	12	7
Artés	4168	2914	2904	10	2718	145	41
Avinyó	1672	1334	1332	2	1293	24	15
Balsareny	2636	1127	1119	8	1051	57	11
Callús	1487	-	-	-	-	-	-
Cardona	3899	2018	2007	11	1783	158	66
Castellbell i el Vilar	2788	1801	1795	6	1632	139	24
Castellfollit del Boix	348	341	339	2	330	5	4
Castellgalí	1497	-	-	-	-	-	-
Castellnou de Bages	956	668	664	4	634	22	8
El Pont de Vilomara i Rocafort	2811	1001	1000	1	886	87	27
Fonollosa	1142	741	731	10	681	40	10
Gaià	128	309	306	3	300	4	2
Manresa	52036	25424	25311	113	23864	1069	378
Marganell	219	211	207	4	199	5	3
Monistrol de Montserrat	2225	1116	1091	25	1007	64	20
Mura	175	314	313	1	290	17	6
Navarcles	4774	2599	2570	29	2416	128	26
Navàs	4563	2974	2967	7	2798	131	38
Rajadell	435	549	549	0	527	16	6
Sallent	5239	3306	3297	9	3104	168	25
Sant Feliu Sasserra	488	453	453	0	437	12	4
Sant Fruitós de Bages	6319	2950	2939	11	2765	146	28
Sant Joan de Vilatorrada	8009	3332	3320	12	3140	133	47
Sant Mateu de Bages	535	697	686	11	659	17	10
Sant Salvador de Guardiola	2381	1197	1191	6	1113	70	8
Sant Vicenç de Castellet	6836	3362	3323	39	3026	238	59
Santpedor	5678	3171	3154	17	3040	84	30
Súria	4665	2950	2939	11	2765	146	28
Talamanca	157	191	190	1	178	9	3
Alforja	1403	716	712	4	692	14	6
Almoster	1077	741	739	2	708	21	10
Arbolí	112	226	225	1	213	10	2
Botarell	765	500	498	2	476	14	8
Cambrils	21366	6189	6152	37	5695	361	96
Capafonts	99	168	167	1	166	0	1
Castellvell del Camp	2129	855	850	5	815	31	4
Colldejou	149	394	393	1	384	5	4
Duesaigües	191	274	270	4	261	6	3
La Febró	38	68	68	0	65	1	2
La Selva del Camp	4096	2151	2140	11	2022	86	32
L'Albiol	324	200	199	1	187	9	3
L'Aleixar	641	499	496	3	472	18	6
L'Argentera	124	228	227	1	215	9	3
Les Borges del Camp	1458	778	775	3	747	19	9
Maspujols	593	347	346	1	327	12	7
Montbrió del Camp	1996	1016	1007	9	968	29	10
Mont-roig del Camp	7036	1150	1135	15	1046	79	10
Prades	451	436	432	4	423	6	3
Pratdip	419	369	366	3	344	11	11
Reus	70482	25715	25595	120	23521	1659	415
Riudecanyes	743	557	554	3	530	19	5
Riudecols	907	523	519	4	472	33	14
Riudoms	4580	2172	2172	0	2074	81	17
Vandellòs i l'Hospitalet de l'Infant	4346	1531	1520	11	1438	74	8
Vilanova d'Escornalbou	375	354	354	0	335	15	4
Vilaplana	450	439	436	3	408	21	7
Vinyols i els Arcs	1350	363	363	0	353	8	2
Aldover	681	370	369	1	355	10	4
Alfara de Carles	307	142	141	1	134	6	1
Benifallet	600	372	368	4	334	26	8
Camarles	2392	1380	1376	4	1302	46	28
Deltebre	8737	5257	5215	42	5010	170	35
El Perelló	1783	1232	1229	3	1201	20	8
L'Aldea	2900	1691	1681	10	1517	135	29
L'Ametlla de Mar	4411	2200	2186	14	2101	55	30
L'Ampolla	2102	1392	1377	15	1311	63	3
Paüls	480	321	312	9	278	26	8
Roquetes	5666	1860	1847	13	1719	103	25
Tivenys	686	409	408	1	366	27	15
Tortosa	22873	11752	11620	132	10711	744	165
Xerta	938	669	667	2	624	37	6
Albons	512	390	390	0	366	15	9
Begur	2787	1583	1575	8	1443	94	38
Bellcaire d'Empordà	480	285	284	1	274	9	1
Calonge	6931	2888	2879	9	2755	93	31
Castell-Platja d'Aro	6241	3234	3198	36	2962	199	37
Colomers	150	115	114	1	110	2	2
Corçà	968	675	665	10	641	14	10
Cruïlles, Monells i Sant Sadurní de l'Heura	987	758	751	7	723	20	8
Foixà	245	178	177	1	172	2	3
Fontanilles	111	183	183	0	175	7	1
Forallac	1357	1243	1238	5	1182	37	19
Garrigoles	124	103	103	0	99	4	0
Gualta	246	178	176	2	175	1	0
Jafre	301	294	293	1	290	2	1
La Bisbal d'Empordà	6910	3708	3689	19	3563	88	38
La Pera	325	301	299	2	293	5	1
La Tallada d'Empordà	329	-	-	-	-	-	-
Mont-ras	1322	764	756	8	677	68	11
Palafrugell	14353	6855	6805	50	6281	437	87
Palamós	12711	6421	6394	27	5990	341	63
Palau-sator	224	145	144	1	142	2	0
Pals	1607	1061	1059	2	1009	38	12
Parlavà	311	278	277	1	270	3	4
Regencós	206	159	157	2	149	7	1
Rupià	188	191	190	1	188	1	1
Sant Feliu de Guíxols	14747	5421	5413	8	5146	216	51
Santa Cristina d'Aro	3372	2222	2207	15	2034	131	42
Serra de Daró	141	132	130	2	128	0	2
Torrent	132	103	103	0	94	7	2
Torroella de Montgrí	6853	4004	3985	19	3785	152	48
Ullà	572	346	344	2	331	8	5
Ullastret	208	245	244	1	236	1	7
Ultramort	153	121	119	2	117	1	1
Vall-llobrega	630	418	415	3	393	15	7
Verges	830	859	856	3	825	18	13
Vilopriu	152	126	126	0	122	3	1
Abrera	8907	2690	2664	26	2202	392	70
Begues	4926	2875	2828	47	2580	187	61
Castelldefels	42140	12325	12174	151	10140	1675	359
Castellví de Rosanes	1365	860	851	9	764	77	10
Cervelló	6718	2966	2934	32	2650	248	36
Collbató	3169	1876	1864	12	1715	107	42
Corbera de Llobregat	10259	4880	4834	46	4375	363	96
Cornellà de Llobregat	61814	13472	13312	160	11006	2086	220
El Papiol	3082	1719	1700	19	1530	144	26
El Prat de Llobregat	47759	12940	12815	125	10414	2056	345
Esparreguera	16169	6568	6526	42	5861	537	128
Esplugues de Llobregat	34508	11563	11414	149	9097	2011	306
Gavà	33850	9461	9323	138	7966	1205	152
La Palma de Cervelló	2346	1541	1531	10	1385	114	32
Martorell	18292	7567	7468	99	6386	932	150
Molins de Rei	19140	10250	10164	86	9112	854	198
Olesa de Montserrat	16967	7761	7689	72	6793	739	157
Pallejà	8382	3471	3444	27	2921	435	88
Sant Andreu de la Barca	19233	2865	2783	82	2361	366	56
Sant Boi de Llobregat	61409	18229	18015	214	14674	2947	394
Sant Climent de Llobregat	3055	1840	1821	19	1604	185	32
Sant Esteve Sesrovires	5732	2556	2541	15	2277	200	64
Sant Feliu de Llobregat	33081	11327	11185	142	9498	1374	313
Sant Joan Despí	24989	8467	8349	118	6969	1130	250
Sant Just Desvern	12368	6460	6393	67	5682	506	205
Sant Vicenç dels Horts	20972	6530	6487	43	5600	768	119
Santa Coloma de Cervelló	5851	2928	2894	34	2504	286	104
Torrelles de Llobregat	4338	2782	2763	19	2547	168	48
Vallirana	10870	4105	4060	45	3548	438	74
Viladecans	48557	11750	11674	76	9300	2084	290
Albinyana	1801	645	633	12	572	50	11
Banyeres del Penedès	2215	866	848	18	764	74	10
Bellvei	1537	739	727	12	638	75	14
Bonastre	427	260	259	1	240	13	6
Calafell	16781	5322	5290	32	4779	432	79
Cunit	8512	2393	2370	23	2062	265	43
El Montmell	1076	257	254	3	230	18	6
El Vendrell	25248	7730	7643	87	6944	584	115
La Bisbal del Penedès	2688	1117	1098	19	1020	74	4
L'Arboç	3416	1235	1201	34	1109	89	3
Llorenç del Penedès	1754	1143	1139	4	1075	55	9
Masllorenç	364	328	324	4	317	3	4
Sant Jaume dels Domenys	1868	843	835	8	784	42	9
Santa Oliva	2367	654	650	4	611	36	3
Badalona	155409	54878	54361	517	45419	7723	1219
Barcelona	1136354	446388	441237	5151	389777	37975	13485
L'Hospitalet de Llobregat	174622	40387	40040	347	33156	5793	1091
Sant Adrià de Besòs	25660	6223	6122	101	5007	1015	100
Santa Coloma de Gramenet	78562	16445	16170	275	12772	2971	427
Avià	1756	1351	1349	2	1304	30	15
Bagà	1831	1081	1055	26	1002	44	9
Berga	12212	7935	7847	88	7522	240	85
Borredà	386	444	434	10	278	153	3
Capolat	73	72	72	0	71	1	0
Casserres	1293	971	965	6	929	19	17
Castell de l'Areny	60	53	53	0	53	0	0
Castellar de n'Hug	141	263	261	2	243	16	2
Castellar del Riu	141	156	151	5	144	3	4
Cercs	1005	689	670	19	635	25	10
Fígols	34	66	65	1	61	3	1
Gironella	3736	2345	2321	24	2227	76	18
Gisclareny	27	102	102	0	99	2	1
Gósol	211	205	204	1	191	11	2
Guardiola de Berguedà	749	584	583	1	552	24	7
La Nou de Berguedà	133	693	678	15	635	26	17
La Pobla de Lillet	991	34	34	0	34	0	0
La Quar	40	317	316	1	304	4	8
L'Espunyola	219	148	148	0	139	3	6
Montclar	95	123	123	0	121	1	1
Montmajor	383	304	304	0	287	13	4
Olvan	717	572	568	4	542	19	7
Puig-reig	3347	2212	2199	13	2114	60	25
Sagàs	115	311	306	5	288	11	7
Saldes	256	455	453	2	425	20	8
Sant Jaume de Frontanyà	25	26	26	0	25	0	1
Sant Julià de Cerdanyola	214	207	207	0	201	3	3
Santa Maria de Merlès	134	356	352	4	332	13	7
Vallcebre	219	261	261	0	246	14	1
Vilada	391	364	364	0	326	24	14
Viver i Serrateix	131	188	188	0	181	5	2
Alp	1127	525	518	7	501	11	6
Bellver de Cerdanya	1527	1098	1092	6	1032	39	21
Bolvir	268	271	271	0	263	4	4
Das	156	73	73	0	71	2	0
Fontanals de Cerdanya	374	221	220	1	217	2	1
Ger	336	183	182	1	174	4	4
Guils de Cerdanya	417	246	242	4	232	7	3
Isòvol	238	213	213	0	203	5	5
Lles de Cerdanya	210	184	184	0	178	4	2
Llívia	1059	590	580	10	561	19	0
Meranges	81	64	62	2	61	1	0
Montellà i Martinet	467	319	318	1	304	9	5
Prats i Sansor	186	262	260	2	239	14	7
Prullans	162	258	256	2	243	7	6
Puigcerdà	5887	2895	2883	12	2583	240	60
Riu de Cerdanya	86	72	72	0	70	0	2
Urús	146	535	534	1	505	15	14
Barberà de la Conca	357	354	352	2	337	11	4
Blancafort	310	276	273	3	267	4	2
Conesa	99	91	91	0	86	1	4
Forès	45	-	-	-	-	-	-
Les Piles	162	144	143	1	137	5	1
L'Espluga de Francolí	2812	1831	1817	14	1728	64	25
Llorac	83	72	72	0	68	2	2
Montblanc	5249	3514	3496	18	3293	162	41
Passanant i Belltall	145	249	248	1	243	1	4
Pira	383	262	260	2	237	16	7
Pontils	106	102	99	3	94	5	0
Rocafort de Queralt	195	141	141	0	135	4	2
Santa Coloma de Queralt	2039	1576	1560	16	1484	59	17
Sarral	1100	685	684	1	633	35	16
Savallà del Comtat	54	68	68	0	65	2	1
Senan	39	89	89	0	87	1	1
Solivella	524	400	400	0	380	11	9
Vallclara	85	99	99	0	95	3	1
Vallfogona de Riucorb	81	207	207	0	189	16	2
Vilanova de Prades	96	118	118	0	116	2	0
Vilaverd	344	234	234	0	225	8	1
Vimbodí i Poblet	785	592	589	3	565	19	5
Canyelles	3201	1339	1321	18	1163	126	32
Cubelles	10611	3697	3669	28	3191	400	78
Olivella	2233	927	910	17	807	89	14
Sant Pere de Ribes	20564	7236	7163	73	6333	680	150
Sitges	18490	8495	8432	63	7467	762	203
Vilanova i la Geltrú	48295	21743	21622	121	19390	1788	444
Arbeca	1655	1184	1170	14	1135	25	10
Bellaguarda	266	207	205	2	200	4	1
Bovera	235	184	184	0	180	2	2
Castelldans	719	445	444	1	405	26	13
Cervià de les Garrigues	582	440	439	1	422	11	6
El Cogul	145	142	142	0	138	3	1
El Soleràs	260	209	209	0	200	4	5
El Vilosell	159	160	160	0	151	8	1
Els Omellons	192	140	140	0	127	12	1
Els Torms	126	105	105	0	103	2	0
Fulleda	84	70	70	0	64	0	6
Granyena de les Garrigues	125	113	112	1	104	8	0
Juncosa	346	222	222	0	199	20	3
Juneda	2248	1505	1497	8	1436	34	27
La Floresta	130	115	115	0	111	1	3
La Granadella	561	450	448	2	435	6	7
La Pobla de Cérvoles	173	135	133	2	127	4	2
L'Albagés	340	193	190	3	185	5	0
L'Albi	627	449	445	4	409	29	7
Les Borges Blanques	4357	2442	2423	19	2340	62	21
L'Espluga Calba	308	280	271	9	254	5	12
Puiggròs	234	269	268	1	255	12	1
Tarrés	81	80	80	0	77	3	0
Vinaixa	417	300	300	0	280	17	3
Argelaguer	336	296	294	2	275	14	5
Besalú	1775	1136	1136	0	1099	31	6
Beuda	131	96	96	0	95	0	1
Castellfollit de la Roca	717	493	491	2	472	7	12
La Vall de Bianya	995	876	870	6	838	19	13
La Vall d'en Bas	2375	2310	2288	22	2218	30	40
Les Planes d'Hostoles	1255	906	895	11	878	7	10
Les Preses	1364	1111	1102	9	1065	27	10
Maià de Montcal	301	204	203	1	202	0	1
Mieres	247	299	296	3	280	6	10
Montagut i Oix	696	560	554	6	529	10	15
Olot	23041	12724	12669	55	12133	400	136
Riudaura	364	546	543	3	533	4	6
Sales de Llierca	92	185	185	0	178	3	4
Sant Aniol de Finestres	277	318	316	2	300	7	9
Sant Feliu de Pallerols	992	790	786	4	767	13	6
Sant Ferriol	150	367	366	1	351	7	8
Sant Jaume de Llierca	656	494	491	3	474	10	7
Sant Joan les Fonts	2265	1905	1903	2	1835	43	25
Santa Pau	1254	1286	1281	5	1222	35	24
Tortellà	613	451	443	8	409	22	12
Aiguaviva	556	376	374	2	364	8	2
Bescanó	3592	2014	2010	4	1965	29	16
Bordils	1134	785	784	1	759	17	8
Campllong	366	398	395	3	376	17	2
Canet d'Adri	537	601	599	2	572	19	8
Cassà de la Selva	6770	3574	3560	14	3466	58	36
Celrà	3117	2020	2010	10	1914	64	32
Cervià de Ter	652	569	567	2	551	11	5
Flaçà	696	542	538	4	516	19	3
Fornells de la Selva	1873	1484	1474	10	1422	41	11
Girona	64395	30686	30499	187	28965	1106	428
Juià	225	361	360	1	334	19	7
Llagostera	5543	3064	3052	12	2937	96	19
Llambilles	545	667	662	5	646	11	5
Madremanya	196	150	147	3	144	1	2
Quart	2550	1397	1392	5	1343	32	17
Salt	14515	5879	5853	26	5490	327	36
Sant Andreu Salou	125	422	420	2	409	8	3
Sant Gregori	2626	2105	2099	6	2032	43	24
Sant Joan de Mollet	380	291	290	1	278	10	2
Sant Jordi Desvalls	522	485	484	1	472	6	6
Sant Julià de Ramis - Medinyà	2475	559	554	5	526	22	6
Sant Martí de Llémena	454	511	505	6	482	11	12
Sant Martí Vell	180	208	205	3	199	3	3
Sarrià de Ter	3788	2677	2656	21	2494	130	32
Vilablareix	2087	1651	1633	18	1577	52	4
Viladasens	165	157	156	1	147	4	5
Alella	7084	4178	4152	26	3818	240	94
Arenys de Mar	11470	5707	5656	51	5381	210	65
Arenys de Munt	6483	4136	4116	20	3930	147	39
Argentona	9180	5174	5130	44	4811	241	78
Cabrera de Mar	3480	2628	2615	13	2411	154	50
Cabrils	5122	3005	2996	9	2828	111	57
Caldes d'Estrac	1981	1155	1130	25	1056	51	23
Calella	12547	5975	5963	12	5632	257	74
Canet de Mar	10709	5531	5492	39	5210	185	97
Dosrius	3883	1639	1639	0	1528	111	0
El Masnou	17547	9837	9772	65	8891	642	239
Malgrat de Mar	13315	5709	5657	52	5209	330	118
Mataró	86351	31382	31158	224	28266	2357	535
Montgat	8748	4591	4559	32	4041	433	85
Òrrius	538	474	472	2	464	5	3
Palafolls	6730	2751	2720	31	2461	207	52
Pineda de Mar	18641	6453	6433	20	6021	339	73
Premià de Dalt	7635	4186	4167	19	3756	330	81
Premià de Mar	20326	9135	9075	60	8229	646	200
Sant Andreu de Llavaneres	7648	4283	4241	42	3928	229	84
Sant Cebrià de Vallalta	2390	-	-	-	-	-	-
Sant Iscle de Vallalta	944	1246	1242	4	1194	30	18
Sant Pol de Mar	3686	2505	2491	14	2385	78	28
Sant Vicenç de Montalt	4325	2594	2581	13	2388	144	49
Santa Susanna	2327	1005	997	8	934	54	9
Teià	4802	3040	3018	22	2837	144	37
Tiana	6578	3374	3363	11	3151	159	53
Tordera	12097	4779	4746	33	4409	295	42
Vilassar de Dalt	6873	4371	4346	25	4046	230	70
Vilassar de Mar	15422	8864	8784	80	8032	557	195
Calders	763	856	847	9	822	14	11
Castellcir	519	548	545	3	528	13	4
Castellterçol	1847	558	545	13	512	24	9
Collsuspina	266	333	333	0	320	9	4
Granera	73	-	-	-	-	-	-
L'Estany	343	1053	1051	2	1014	26	11
Moià	4248	2064	2055	9	1961	74	20
Monistrol de Calders	563	570	566	4	538	25	3
Sant Quirze Safaja	453	667	666	1	637	14	15
Santa Maria d'Oló	830	679	679	0	662	11	6
Alcanar	6281	4447	4430	17	4194	169	67
Amposta	14251	10334	10291	43	9672	510	109
Freginals	281	239	238	1	210	22	6
Godall	520	244	242	2	202	29	11
La Galera	557	281	277	4	255	18	4
La Sénia	3963	1637	1621	16	1422	166	33
Mas de Barberans	463	205	205	0	176	17	12
Masdenverge	846	433	432	1	404	26	2
Sant Carles de la Ràpita	10351	329	327	2	304	18	5
Sant Jaume d'Enveja	2743	1432	1424	8	1334	61	29
Santa Bàrbara	2672	1331	1323	8	1204	111	8
Ulldecona	3946	1919	1907	12	1772	107	28
Àger	482	313	312	1	296	9	7
Albesa	1124	838	837	1	788	32	17
Algerri	357	284	270	14	244	14	12
Alòs de Balaguer	104	140	140	0	138	2	0
Artesa de Segre	2326	1567	1561	6	1499	40	22
Balaguer	10546	3434	3414	20	3253	126	35
Bellcaire d'Urgell	1014	743	741	2	720	16	5
Bellmunt d'Urgell	151	126	125	1	119	3	3
Cabanabona	72	290	290	0	275	9	6
Camarasa	750	458	458	0	441	10	7
Castelló de Farfanya	451	364	361	3	340	14	7
Cubells	299	211	207	4	189	8	10
Foradada	137	112	109	3	106	3	0
Ivars de Noguera	273	203	202	1	184	13	5
La Baronia de Rialb	208	158	157	1	142	11	4
La Sentiu de Sió	398	283	282	1	267	10	5
Les Avellanes i Santa Linya	375	310	310	0	287	15	8
Menàrguens	623	459	447	12	410	30	7
Montgai	569	373	370	3	339	20	11
Oliola	181	190	186	4	181	2	3
Os de Balaguer	783	1463	1457	6	1382	59	16
Penelles	376	258	254	4	242	8	4
Ponts	1797	721	717	4	701	12	4
Preixens	368	251	251	0	235	14	2
Térmens	1015	683	681	2	657	13	11
Tiurana	66	87	87	0	85	2	0
Torrelameu	486	430	430	0	416	7	7
Vallfogona de Balaguer	1383	1370	1353	17	1287	49	17
Vilanova de l'Aguda	182	149	146	3	136	9	1
Vilanova de Meià	345	298	298	0	292	0	6
Alpens	223	292	292	0	279	10	3
Balenyà	2762	1765	1763	2	1625	108	30
Calldetenes	1864	1595	1595	0	1552	30	13
Centelles	5739	3374	3363	11	3224	114	25
El Brull	188	335	335	0	328	3	4
Espinelves	162	536	535	1	527	4	4
Folgueroles	1675	1487	1487	0	1451	19	17
Gurb	2001	1562	1560	2	1516	28	16
Les Masies de Roda	578	449	449	0	436	12	1
Les Masies de Voltregà	2450	1756	1747	9	1679	47	21
L'Esquirol	1739	1625	1620	5	1583	15	22
Lluçà	216	189	189	0	186	0	3
Malla	218	466	466	0	450	6	10
Manlleu	12911	7169	7137	32	6739	296	102
Montesquiu	704	622	617	5	599	14	4
Muntanyola	462	400	394	6	380	9	5
Olost	993	807	804	3	780	14	10
Orís	255	203	203	0	196	5	2
Oristà	466	456	449	7	438	5	6
Perafita	327	264	264	0	260	4	0
Prats de Lluçanès	2103	1444	1435	9	1390	34	11
Roda de Ter	4551	2954	2949	5	2823	91	35
Rupit i Pruit	227	393	393	0	373	12	8
Sant Agustí de Lluçanès	82	202	202	0	185	10	7
Sant Bartomeu del Grau	663	477	477	0	451	19	7
Sant Boi de Lluçanès	442	396	396	0	379	7	10
Sant Hipòlit de Voltregà	2588	1694	1694	0	1646	34	14
Sant Julià de Vilatorta	2356	1877	1872	5	1830	26	16
Sant Martí d'Albars	92	109	109	0	105	3	1
Sant Martí de Centelles	820	593	591	2	553	21	17
Sant Pere de Torelló	1871	1432	1427	5	1377	30	20
Sant Quirze de Besora	1643	1223	1218	5	1155	42	21
Sant Sadurní d'Osormort	73	208	204	4	196	4	4
Sant Vicenç de Torelló	1553	1415	1413	2	1386	14	13
Santa Cecília de Voltregà	162	287	287	0	284	1	2
Santa Eugènia de Berga	1665	1235	1235	0	1203	25	7
Santa Eulàlia de Riuprimer	961	738	735	3	719	7	9
Santa Maria de Besora	131	159	159	0	154	2	3
Seva	2673	1844	1837	7	1769	30	38
Sobremunt	70	71	71	0	69	2	0
Sora	151	277	277	0	269	5	3
Taradell	4779	3523	3519	4	3433	63	23
Tavèrnoles	247	527	524	3	506	13	5
Tavertet	97	344	341	3	315	20	6
Tona	5963	4013	3964	49	3756	166	42
Torelló	10224	6213	6181	32	5953	165	63
Vic	26471	15561	15520	41	14918	421	181
Vidrà	141	190	190	0	181	6	3
Viladrau	796	809	808	1	770	29	9
Vilanova de Sau	274	232	231	1	226	3	2
Abella de la Conca	144	107	107	0	97	7	3
Castell de Mur	148	181	180	1	172	4	4
Conca de Dalt	360	251	248	3	232	8	8
Gavet de la Conca	253	163	163	0	160	0	3
Isona i Conca Dellà	824	550	549	1	524	18	7
La Pobla de Segur	2185	1245	1232	13	1182	33	17
La Torre de Cabdella	652	442	439	3	415	19	5
Llimiana	136	92	92	0	88	2	2
Salàs de Pallars	262	196	194	2	184	8	2
Sant Esteve de la Sarga	113	96	94	2	86	4	4
Sarroca de Bellera	112	79	78	1	70	8	0
Senterada	104	224	219	5	206	8	5
Talarn	345	255	253	2	232	16	5
Tremp	4279	2166	2166	0	2064	102	0
Alins	236	205	199	6	195	4	0
Alt Àneu	351	281	278	3	267	6	5
Baix Pallars	277	180	175	5	168	7	0
Espot	285	217	216	1	190	20	6
Esterri d'Àneu	522	365	356	9	345	5	6
Esterri de Cardós	60	83	82	1	81	1	0
Farrera	105	94	94	0	89	4	1
La Guingueta d'Àneu	236	272	271	1	259	12	0
Lladorre	193	132	130	2	126	3	1
Llavorsí	290	162	160	2	155	3	2
Rialp	499	461	454	7	418	31	5
Soriguera	331	364	361	3	347	13	1
Sort	1495	645	623	22	592	24	7
Tírvia	122	97	97	0	94	2	1
Vall de Cardós	293	167	165	2	155	9	1
Banyoles	12546	7034	7004	30	6775	151	78
Camós	548	538	535	3	506	19	10
Cornellà del Terri	1715	1150	1147	3	1122	17	8
Crespià	177	204	203	1	190	5	8
Esponellà	331	260	257	3	250	3	4
Fontcoberta	1134	781	781	0	757	15	9
Palol de Revardit	354	1002	999	3	982	11	6
Porqueres	3437	2230	2227	3	2156	52	19
Sant Miquel de Campmajor	178	194	191	3	182	4	5
Serinyà	844	710	710	0	686	13	11
Vilademuls	582	720	716	4	677	21	18
Barbens	568	417	415	2	389	19	7
Bell-lloc d'Urgell	1651	878	878	0	878	0	0
Bellvís	1555	1156	1153	3	1111	34	8
Castellnou de Seana	556	376	373	3	365	7	1
El Palau d'Anglesola	1620	647	640	7	610	22	8
El Poal	509	359	356	3	334	19	3
Fondarella	640	446	446	0	412	20	14
Golmés	1273	877	877	0	848	29	0
Ivars d'Urgell	1168	825	813	12	787	26	0
Linyola	1915	1358	1358	0	1358	0	0
Miralcamp	1028	770	765	5	711	40	14
Mollerussa	8585	4945	4881	64	4582	234	65
Sidamon	566	336	336	0	336	0	0
Torregrossa	1558	926	922	4	860	48	14
Vilanova de Bellpuig	891	658	658	0	639	16	3
Vila-sana	548	391	390	1	361	28	1
Bellmunt del Priorat	231	165	165	0	153	11	1
Cabacés	254	206	204	2	187	9	8
Capçanes	330	270	270	0	261	7	2
Cornudella de Montsant	728	790	788	2	753	26	9
El Lloar	105	89	89	0	86	3	0
El Masroig	365	282	277	5	272	2	3
El Molar	226	229	223	6	205	16	2
Els Guiamets	238	213	210	3	194	11	5
Falset	1975	1296	1281	15	1232	37	12
Gratallops	182	153	153	0	144	9	0
La Bisbal de Falset	161	129	129	0	125	3	1
La Figuera	90	82	82	0	73	3	6
La Morera de Montsant	99	105	104	1	99	2	3
La Torre de Fontaubella	107	115	115	0	111	2	2
La Vilella Alta	100	149	145	4	137	4	4
La Vilella Baixa	138	97	97	0	94	0	3
Marçà	439	431	425	6	403	20	2
Margalef	89	110	107	3	101	4	2
Poboleda	279	260	260	0	252	6	2
Porrera	392	329	322	7	314	2	6
Pradell de la Teixeta	143	137	134	3	131	2	1
Torroja del Priorat	130	133	133	0	128	3	2
Ulldemolins	353	341	340	1	324	12	4
Ascó	1381	753	735	18	691	31	13
Benissanet	782	641	632	9	607	20	5
Flix	2860	1756	1738	18	1668	57	13
Garcia	399	262	258	4	247	5	6
Ginestar	552	449	445	4	416	22	7
La Palma d'Ebre	306	248	248	0	235	6	7
La Torre de l'Espanyol	439	357	355	2	335	14	6
Miravet	526	433	432	1	406	22	4
Móra d'Ebre	3919	1802	1772	30	1662	103	7
Móra la Nova	2143	1138	1132	6	1052	65	15
Rasquera	599	484	484	0	469	10	5
Riba-roja d'Ebre	933	531	523	8	482	37	4
Tivissa	1281	999	991	8	954	26	11
Vinebre	299	209	207	2	190	14	3
Campdevànol	2717	1704	1693	11	1595	79	19
Campelles	104	115	115	0	113	2	0
Camprodon	1759	1179	1178	1	1123	34	21
Gombrèn	138	196	195	1	185	8	2
Les Llosses	179	206	206	0	196	6	4
Llanars	407	361	359	2	341	15	3
Molló	264	302	301	1	290	7	4
Ogassa	190	213	212	1	200	6	6
Pardines	130	146	146	0	142	2	2
Planoles	228	238	238	0	229	4	5
Queralbs	161	231	231	0	214	10	7
Ribes de Freser	1482	993	980	13	936	37	7
Ripoll	8053	4378	4364	14	4111	190	63
Sant Joan de les Abadesses	2700	2004	1977	27	1894	68	15
Sant Pau de Segúries	549	441	441	0	426	14	1
Setcases	144	211	210	1	202	5	3
Toses	135	143	143	0	142	1	0
Vallfogona de Ripollès	171	323	322	1	312	6	4
Vilallonga de Ter	314	275	275	0	263	11	1
Biosca	169	74	73	1	68	2	3
Cervera	5850	2853	2837	16	2710	83	44
Els Plans de Sió	451	305	299	6	293	2	4
Estaràs	148	0	0	0	0	0	0
Granyanella	135	227	226	1	219	5	2
Granyena de Segarra	130	214	214	0	208	4	2
Guissona	2766	1491	1477	14	1357	79	41
Ivorra	98	125	125	0	123	1	1
Les Oluges	140	138	137	1	132	3	2
Massoteres	136	157	157	0	151	3	3
Montoliu de Segarra	153	6	4	2	4	0	0
Montornès de Segarra	84	154	154	0	145	8	1
Ribera d'Ondara	375	281	279	2	267	11	1
Sanaüja	334	307	307	0	296	8	3
Sant Guim de Freixenet	743	525	522	3	478	35	9
Sant Guim de la Plana	133	93	92	1	92	0	0
Sant Ramon	423	382	380	2	365	8	7
Talavera	226	193	190	3	185	3	2
Tarroja de Segarra	141	273	273	0	253	12	8
Torà	922	710	707	3	678	26	3
Torrefeta i Florejacs	494	252	248	4	240	5	3
Aitona	1545	966	962	4	909	36	17
Albatàrrec	1405	755	748	7	690	50	8
Alcanó	211	273	270	3	259	7	4
Alcarràs	5243	2799	2785	14	2578	171	36
Alcoletge	2334	1066	1059	7	991	49	19
Alfarràs	2146	890	884	6	814	52	18
Alfés	260	138	138	0	132	2	4
Alguaire	2107	1192	1178	14	1128	32	18
Almacelles	4572	1868	1851	17	1670	145	36
Almatret	289	267	262	5	257	3	2
Almenar	2607	1514	1494	20	1406	72	16
Alpicat	4531	2757	2749	8	2511	178	60
Artesa de Lleida	1096	769	768	1	747	17	4
Aspa	184	172	171	1	161	6	4
Benavent de Segrià	1055	649	647	2	612	24	11
Corbins	998	656	649	7	621	13	15
Els Alamús	571	503	496	7	466	19	11
Gimenells i el Pla de la Font	857	388	376	12	333	35	8
La Granja d'Escarp	707	420	419	1	360	51	8
La Portella	397	316	313	3	297	12	4
Llardecans	417	325	325	0	312	9	4
Lleida	92002	34033	33681	352	30553	2727	401
Maials	706	458	455	3	436	9	10
Massalcoreig	403	277	269	8	245	17	7
Montoliu de Lleida	364	294	290	4	279	7	4
Puigverd de Lleida	1036	480	479	1	456	12	11
Rosselló	2110	1153	1147	6	1066	51	30
Sarroca de Lleida	329	248	248	0	240	5	3
Seròs	1231	856	853	3	779	50	24
Soses	1108	778	774	4	746	19	9
Sudanell	680	480	479	1	456	12	11
Sunyer	233	162	162	0	158	4	0
Torrebesses	253	215	214	1	201	10	3
Torrefarrera	3035	1855	1842	13	1743	77	22
Torres de Segre	1397	787	774	13	749	25	0
Torre-serona	275	136	132	4	122	7	3
Vilanova de la Barca	728	401	394	7	374	17	3
Vilanova de Segrià	707	524	521	3	489	24	8
Amer	1731	1453	1446	7	1397	37	12
Anglès	3640	1975	1966	9	1899	37	30
Arbúcies	4015	2991	2979	12	2886	61	32
Blanes	27269	8028	7989	39	7229	651	109
Breda	2821	2157	2132	25	2028	82	22
Brunyola	293	501	499	2	487	8	4
Caldes de Malavella	5307	2728	2698	30	2530	132	36
Fogars de la Selva	1139	731	724	7	646	68	10
Hostalric	2940	1621	1605	16	1489	99	17
La Cellera de Ter	1516	1321	1320	1	1283	31	6
Lloret de Mar	19555	6220	6198	22	5593	490	115
Maçanet de la Selva	4954	2024	2018	6	1843	150	25
Massanes	559	351	346	5	331	10	5
Osor	354	288	285	3	274	5	6
Riells i Viabrea	2969	1508	1506	2	1427	73	6
Riudarenes	1515	926	925	1	874	36	15
Riudellots de la Selva	1401	1139	1132	7	1094	26	12
Sant Feliu de Buixalleu	643	513	511	2	492	12	7
Sant Hilari Sacalm	3982	2297	2289	8	2215	52	22
Sant Julià del Llor i Bonmati	897	874	869	5	842	19	8
Santa Coloma de Farners	8295	3574	3572	2	3483	69	20
Sils	4216	1980	1959	21	1867	79	13
Susqueda	80	64	64	0	63	1	0
Tossa de Mar	3791	2119	2104	15	1940	145	19
Vidreres	5424	2582	2576	6	2456	91	29
Vilobí d'Onyar	2260	1729	1723	6	1666	38	19
Castellar de la Ribera	108	91	90	1	88	0	2
Clariana de Cardener	117	260	260	0	243	10	7
Guixers	117	157	153	4	141	11	1
La Coma i la Pedra	231	377	376	1	356	17	3
La Molsosa	95	67	66	1	63	2	1
Lladurs	166	296	295	1	280	11	4
Llobera	175	288	286	2	271	12	3
Navès	227	221	219	2	218	1	0
Odèn	219	235	235	0	227	2	6
Olius	685	481	477	4	458	7	12
Pinell de Solsonès	181	127	126	1	125	0	1
Pinós	230	219	219	0	209	6	4
Riner	213	431	427	4	400	11	16
Sant Llorenç de Morunys	759	527	526	1	509	10	7
Solsona	6212	3011	3002	9	2893	71	38
Altafulla	3534	2324	2273	51	2051	134	88
Constantí	4161	1493	1483	10	1398	71	14
Creixell	2505	884	864	20	784	68	12
El Catllar	3130	1603	1587	16	1493	66	28
El Morell	2474	1351	1339	12	1255	67	17
Els Pallaresos	3301	1944	1940	4	1768	141	31
La Canonja	4374	1118	1104	14	967	109	28
La Nou de Gaià	393	369	361	8	339	17	5
La Pobla de Mafumet	2606	857	848	9	726	103	19
La Pobla de Montornès	2044	937	925	12	850	58	17
La Riera de Gaià	1177	620	616	4	578	33	5
La Secuita	1247	692	688	4	650	29	9
Perafort	880	657	655	2	596	42	17
Renau	106	47	47	0	42	2	3
Roda de Berà	4647	1233	1217	16	1105	95	17
Salomó	340	311	311	0	295	12	4
Salou	14392	3360	3329	31	2963	317	49
Tarragona	90275	20582	20416	166	18509	1358	549
Torredembarra	10688	3645	3628	17	3361	215	52
Vespella de Gaià	301	234	234	0	215	16	3
Vilallonga del Camp	1584	1047	1041	6	957	71	13
Vila-seca	14599	3083	3069	14	2888	146	35
Arnes	408	427	425	2	384	26	15
Batea	1497	766	756	10	669	69	18
Bot	517	308	303	5	288	10	5
Caseres	216	109	107	2	98	6	3
Corbera d'Ebre	805	570	564	6	513	30	21
El Pinell de Brai	810	516	507	9	472	20	15
Gandesa	2015	1070	1067	3	1029	25	13
Horta de Sant Joan	921	622	613	9	561	40	12
La Fatarella	854	543	535	8	504	20	11
La Pobla de Massaluca	259	190	186	4	166	16	4
Prat de Comte	146	111	111	0	103	4	4
Vilalba dels Arcs	554	369	363	6	339	14	10
Agramunt	3762	1982	1977	5	1891	62	24
Anglesola	976	637	635	2	610	19	6
Belianes	422	317	305	12	289	10	6
Bellpuig	3233	2198	2194	4	2077	79	38
Castellserà	823	674	652	22	606	37	9
Ciutadilla	178	222	216	6	208	6	2
Els Omells de na Gaia	122	103	103	0	102	1	0
Guimerà	231	146	145	1	145	0	0
La Fuliola	902	500	498	2	466	24	8
Maldà	195	172	172	0	166	3	3
Nalec	86	78	76	2	71	2	3
Ossó de Sió	181	294	291	3	278	12	1
Preixana	309	249	240	9	229	7	4
Puigverd d'Agramunt	172	254	252	2	229	16	7
Sant Martí de Riucorb	567	440	436	4	406	16	14
Tàrrega	10625	5565	5530	35	5289	169	72
Tornabous	564	374	374	0	359	9	6
Vallbona de les Monges	204	179	176	3	168	2	6
Verdú	720	411	405	6	384	15	6
Vilagrassa	361	486	477	9	456	15	6
Badia del Vallès	10553	2055	2031	24	1506	478	47
Barberà del Vallès	24570	7318	7203	115	5709	1308	186
Castellar del Vallès	17949	9144	9060	84	8327	607	126
Castellbisbal	8998	3977	3955	22	3343	525	87
Cerdanyola del Vallès	43030	17940	17722	218	15036	2158	528
Gallifa	152	184	182	2	173	3	6
Matadepera	6835	4553	4537	16	4333	141	63
Montcada i Reixac	25081	8658	8571	87	7040	1260	271
Palau-solità i Plegamans	10891	15491	15459	32	10869	4472	118
Polinyà	5910	10247	10215	32	9717	447	51
Rellinars	579	369	364	5	328	30	6
Ripollet	26613	6931	6855	76	5780	916	159
Rubí	53823	16730	16586	144	14348	1916	322
Sabadell	152377	62896	62215	681	54058	6865	1292
Sant Cugat del Vallès	59826	32805	32468	337	28985	2507	976
Sant Llorenç Savall	1852	1266	1241	25	1155	65	21
Sant Quirze del Vallès	14531	15846	15758	88	14346	1108	304
Santa Perpètua de Mogoda	18335	6434	6366	68	5298	919	149
Sentmenat	6461	3001	2990	11	2739	218	33
Terrassa	153025	60294	59753	541	52837	5730	1186
Ullastrell	1507	1357	1352	5	1236	93	23
Vacarisses	4536	1955	1941	14	1761	150	30
Viladecavalls	5678	3286	3272	14	2910	294	68
Aiguafreda	1962	1229	1211	18	1130	67	14
Bigues i Riells	6734	3942	3902	40	3514	321	67
Caldes de Montbui	12813	7474	7432	42	6821	485	126
Campins	362	443	439	4	411	17	11
Canovelles	10343	2654	2621	33	2289	295	37
Cànoves i Samalús	2231	1041	1035	6	944	75	16
Cardedeu	13290	7414	7349	65	6818	380	151
Figaró-Montmany	810	476	475	1	444	26	5
Fogars de Montclús	339	301	297	4	283	10	4
Granollers	42622	20045	19787	258	17601	1837	349
Gualba	1021	758	752	6	710	33	9
La Garriga	11899	7205	7151	54	6712	309	130
La Llagosta	9630	2430	2378	52	1836	487	55
La Roca del Vallès	7887	3995	3923	72	3595	276	52
L'Ametlla del Vallès	6205	4066	4036	30	3773	199	64
Les Franqueses del Vallès	13582	5142	5083	59	4560	436	87
Lliçà d'Amunt	11502	4254	4188	66	3717	390	81
Lliçà de Vall	5016	2304	2265	39	1966	254	45
Llinars del Vallès	7279	4247	4181	66	3760	311	110
Martorelles	3799	1848	1822	26	1605	197	20
Mollet del Vallès	36804	12011	11888	123	9820	1750	318
Montmeló	6677	2522	2433	89	2030	330	73
Montornès del Vallès	11450	3077	3008	69	2477	462	69
Montseny	262	237	230	7	215	9	6
Parets del Vallès	14096	5613	5576	37	4906	565	105
Sant Antoni de Vilamajor	4411	2444	2418	26	2300	104	14
Sant Celoni	12680	7483	7429	54	6871	482	76
Sant Esteve de Palautordera	1865	1592	1586	6	1525	46	15
Sant Feliu de Codines	4329	2552	2542	10	2402	113	27
Sant Fost de Campsentelles	6773	2448	2430	18	2214	176	40
Sant Pere de Vilamajor	3200	1720	1697	23	1599	84	14
Santa Eulàlia de Ronçana	5419	2866	2846	20	2599	202	45
Santa Maria de Martorelles	650	512	503	9	462	24	17
Santa Maria de Palautordera	6637	4081	4044	37	3746	229	69
Tagamanent	237	341	341	0	325	13	3
Vallgorguina	1966	1304	1299	5	1209	57	33
Vallromanes	1777	1407	1404	3	1279	99	26
Vilalba Sasserra	506	284	281	3	262	15	4
Vilanova del Vallès	3761	2113	2104	9	1937	136	31
